3 0.5825 0.6216666666666667 0.06166666666666667 0.07
6 0.4841666666666667 0.6566666666666666 0.035 0.013333333333333334
1 0.24166666666666667 0.6783333333333333 0.29333333333333333 0.03333333333333333
1 0.8016666666666666 0.6816666666666666 0.38 0.03333333333333333
1 0.5716666666666667 0.72 0.44333333333333336 0.016666666666666666
1 0.9008333333333334 0.7266666666666667 0.19833333333333333 0.02666666666666667
3 0.10666666666666667 0.75 0.21333333333333335 0.10666666666666667
3 0.28 0.7508333333333334 0.09 0.03833333333333333
3 0.2575 0.8266666666666667 0.075 0.056666666666666664
0 0.7116666666666667 0.9441666666666667 0.14666666666666667 0.10833333333333334
2 0.1525 0.9475 0.305 0.085