4 0.5583333333333333 0.6208333333333333 0.88 0.31833333333333336
6 0.18916666666666668 0.7466666666666667 0.13833333333333334 0.07
6 0.4533333333333333 0.4 0.07 0.02
0 0.7516666666666667 0.82 0.06 0.18333333333333332
0 0.46416666666666667 0.8183333333333334 0.045 0.11333333333333333
0 0.2775 0.8258333333333333 0.06833333333333333 0.09166666666666666
1 0.0575 0.765 0.10833333333333334 0.043333333333333335
1 0.13 0.8883333333333333 0.21666666666666667 0.05
6 0.895 0.6433333333333333 0.06333333333333334 0.03
2 0.4533333333333333 0.6983333333333334 0.04666666666666667 0.11333333333333333
2 0.6475 0.5841666666666666 0.08166666666666667 0.06833333333333333
2 0.7575 0.6716666666666666 0.07166666666666667 0.11666666666666667