2 0.25416666666666665 0.8691666666666666 0.5083333333333333 0.25833333333333336
2 0.7408333333333333 0.85 0.515 0.22666666666666666
6 0.09416666666666666 0.6325 0.04833333333333333 0.008333333333333333
6 0.22833333333333333 0.6975 0.13 0.045
3 0.555 0.6683333333333333 0.04666666666666667 0.023333333333333334
3 0.5441666666666667 0.7925 0.051666666666666666 0.028333333333333332
5 0.7066666666666667 0.5808333333333333 0.29 0.03166666666666667
2 0.15416666666666667 0.6166666666666667 0.30833333333333335 0.08333333333333333
2 0.5616666666666666 0.6558333333333334 0.20333333333333334 0.065
1 0.3016666666666667 0.5341666666666667 0.12333333333333334 0.03833333333333333
1 0.5208333333333334 0.6 0.22166666666666668 0.03333333333333333