6 0.43416666666666665 0.47333333333333333 0.058333333333333334 0.03
6 0.32416666666666666 0.48333333333333334 0.055 0.03333333333333333
3 0.5075 0.4975 0.045 0.018333333333333333
3 0.43083333333333335 0.5241666666666667 0.03833333333333333 0.025
3 0.25166666666666665 0.5341666666666667 0.06666666666666667 0.07166666666666667
6 0.17083333333333334 0.5808333333333333 0.075 0.028333333333333332
3 0.6166666666666667 0.5833333333333334 0.05 0.05333333333333334
3 0.22333333333333333 0.6225 0.09666666666666666 0.028333333333333332
6 0.6166666666666667 0.68 0.04666666666666667 0.016666666666666666
6 0.8925 0.6858333333333333 0.135 0.04833333333333333
5 0.53 0.815 0.17 0.36666666666666664