4 0.66 0.675 0.62 0.15333333333333332
2 0.5133333333333333 0.68 0.07333333333333333 0.14333333333333334
1 0.6491666666666667 0.7208333333333333 0.21833333333333332 0.051666666666666666
5 0.25833333333333336 0.73 0.11 0.09333333333333334
5 0.9416666666666667 0.7775 0.11666666666666667 0.105
3 0.7158333333333333 0.7816666666666666 0.08166666666666667 0.06
1 0.4425 0.83 0.485 0.056666666666666664
3 0.8225 0.8558333333333333 0.115 0.051666666666666666
1 0.9083333333333333 0.8708333333333333 0.18 0.04833333333333333
1 0.4533333333333333 0.9375 0.11666666666666667 0.06833333333333333
3 0.7725 0.9408333333333333 0.125 0.115
3 0.5108333333333334 0.9616666666666667 0.11833333333333333 0.07333333333333333
1 0.2675 0.9766666666666667 0.17166666666666666 0.043333333333333335