5 0.5475 0.33 0.08166666666666667 0.08
0 0.36833333333333335 0.34833333333333333 0.08333333333333333 0.15666666666666668
2 0.6591666666666667 0.3491666666666667 0.115 0.03166666666666667
0 0.47833333333333333 0.3858333333333333 0.04 0.028333333333333332
1 0.8258333333333333 0.4008333333333333 0.14166666666666666 0.035
5 0.13166666666666665 0.4775 0.2633333333333333 0.2916666666666667
0 0.195 0.5125 0.056666666666666664 0.11166666666666666
1 0.09583333333333334 0.5591666666666667 0.115 0.03833333333333333
0 0.8833333333333333 0.56 0.22666666666666666 0.13
1 0.6366666666666667 0.6341666666666667 0.21333333333333335 0.041666666666666664
5 0.8658333333333333 0.6866666666666666 0.2683333333333333 0.29333333333333333
1 0.14166666666666666 0.8125 0.2833333333333333 0.11833333333333333
0 0.23583333333333334 0.8575 0.08166666666666667 0.18833333333333332