6 0.21666666666666667 0.6025 0.12666666666666668 0.025
3 0.9475 0.705 0.075 0.043333333333333335
0 0.18333333333333332 0.7716666666666666 0.043333333333333335 0.043333333333333335
0 0.3225 0.7725 0.03166666666666667 0.03166666666666667
0 0.435 0.7866666666666666 0.043333333333333335 0.043333333333333335
0 0.5 0.7875 0.03333333333333333 0.051666666666666666
0 0.04416666666666667 0.8 0.035 0.043333333333333335
0 0.115 0.8016666666666666 0.03333333333333333 0.03666666666666667
0 0.24916666666666668 0.8125 0.021666666666666667 0.051666666666666666
0 0.5358333333333334 0.8216666666666667 0.045 0.04666666666666667
0 0.3283333333333333 0.8241666666666667 0.03 0.06833333333333333
0 0.8983333333333333 0.8616666666666667 0.17 0.17666666666666667
0 0.4075 0.8641666666666666 0.03166666666666667 0.04833333333333333
0 0.24666666666666667 0.865 0.043333333333333335 0.05
0 0.5091666666666667 0.8666666666666667 0.025 0.07
0 0.7341666666666666 0.8733333333333333 0.051666666666666666 0.05333333333333334
2 0.1275 0.9191666666666667 0.255 0.075
0 0.455 0.9225 0.043333333333333335 0.07833333333333334
0 0.37 0.9233333333333333 0.03333333333333333 0.05
0 0.5058333333333334 0.9275 0.045 0.04833333333333333
0 0.7141666666666666 0.9283333333333333 0.04833333333333333 0.043333333333333335