3 0.3925 0.8366666666666667 0.07166666666666667 0.02666666666666667
3 0.5133333333333333 0.9341666666666667 0.12333333333333334 0.065
6 0.9583333333333334 0.915 0.08 0.07
6 0.6075 0.7975 0.041666666666666664 0.021666666666666667
2 0.27416666666666667 0.9016666666666666 0.5483333333333333 0.19333333333333333
6 0.7041666666666667 0.8116666666666666 0.045 0.013333333333333334
5 0.4475 0.6916666666666667 0.095 0.12333333333333334
3 0.44083333333333335 0.8925 0.22166666666666668 0.15166666666666667
2 0.7391666666666666 0.9616666666666667 0.375 0.07333333333333333
6 0.55 0.6783333333333333 0.12333333333333334 0.1
3 0.59 0.7458333333333333 0.07666666666666666 0.028333333333333332