0 0.415 0.5491666666666667 0.016666666666666666 0.041666666666666664
0 0.4625 0.5575 0.015 0.041666666666666664
0 0.37083333333333335 0.5808333333333333 0.03166666666666667 0.115
0 0.40166666666666667 0.6083333333333333 0.02 0.04666666666666667
0 0.4716666666666667 0.6158333333333333 0.02 0.03833333333333333
0 0.53 0.62 0.05 0.10666666666666667
5 0.8008333333333333 0.6591666666666667 0.37833333333333335 0.21833333333333332
6 0.6583333333333333 0.6816666666666666 0.06 0.023333333333333334
0 0.345 0.7316666666666667 0.07 0.21333333333333335
0 0.6325 0.7708333333333334 0.055 0.135
1 0.6983333333333334 0.8158333333333333 0.18666666666666668 0.03833333333333333
0 0.32416666666666666 0.8908333333333334 0.065 0.115
0 0.8691666666666666 0.9066666666666666 0.08166666666666667 0.13333333333333333
5 0.30833333333333335 0.9533333333333334 0.15666666666666668 0.09333333333333334