6 0.3625 0.665 0.10833333333333334 0.04
6 0.125 0.7283333333333334 0.04 0.013333333333333334
5 0.2816666666666667 0.7408333333333333 0.11333333333333333 0.07833333333333334
6 0.61 0.765 0.03666666666666667 0.02
1 0.13833333333333334 0.7883333333333333 0.11 0.04666666666666667
3 0.2175 0.7966666666666666 0.07833333333333334 0.03
6 0.4058333333333333 0.8075 0.051666666666666666 0.025
5 0.34 0.8183333333333334 0.09 0.06
5 0.4166666666666667 0.885 0.11 0.07333333333333333
1 0.07166666666666667 0.9183333333333333 0.14333333333333334 0.05
5 0.49916666666666665 0.9658333333333333 0.155 0.06833333333333333