6 0.515 0.6183333333333333 0.06666666666666667 0.02666666666666667
2 0.3375 0.6216666666666667 0.27166666666666667 0.08666666666666667
5 0.6608499999999999 0.6912333333333334 0.38 0.065
0 0.43166666666666664 0.7041666666666667 0.016666666666666666 0.04833333333333333
1 0.25166666666666665 0.7066666666666667 0.16333333333333333 0.03
0 0.15 0.7241666666666666 0.06 0.058333333333333334
6 0.3125 0.7375 0.13166666666666665 0.041666666666666664
0 0.6333333333333333 0.7575 0.06333333333333334 0.105
3 0.38333333333333336 0.7583333333333333 0.06 0.03333333333333333
0 0.4241666666666667 0.775 0.018333333333333333 0.03333333333333333
0 0.04083333333333333 0.9133333333333333 0.08166666666666667 0.09333333333333334
0 0.4058333333333333 0.9208333333333333 0.04833333333333333 0.15833333333333333