0 0.42333333333333334 0.5583333333333333 0.043333333333333335 0.08666666666666667
1 0.38333333333333336 0.6125 0.4666666666666667 0.055
1 0.08333333333333333 0.615 0.15333333333333332 0.03333333333333333
1 0.8366666666666667 0.6375 0.32 0.035
5 0.2758333333333333 0.6575 0.27166666666666667 0.255
0 0.7166666666666667 0.6933333333333334 0.17333333333333334 0.15666666666666668
1 0.94 0.7208333333333333 0.11 0.058333333333333334
0 0.94 0.7208333333333333 0.11 0.058333333333333334
0 0.10166666666666667 0.76 0.19333333333333333 0.24333333333333335
1 0.6525 0.8275 0.6916666666666667 0.145
1 0.23833333333333334 0.9383333333333334 0.46 0.08666666666666667