1 0.5191666666666667 0.66 0.155 0.02666666666666667
1 0.5366666666666666 0.6875 0.21666666666666667 0.028333333333333332
1 0.5883333333333334 0.72 0.14333333333333334 0.043333333333333335
1 0.7833333333333333 0.7591666666666667 0.15 0.03833333333333333
2 0.30916666666666665 0.7625 0.265 0.34833333333333333
1 0.5966666666666667 0.77 0.22666666666666666 0.03333333333333333
1 0.5558333333333333 0.815 0.305 0.06333333333333334
1 0.88 0.8566666666666667 0.19666666666666666 0.05333333333333334
0 0.8775 0.8666666666666667 0.245 0.26666666666666666
1 0.5908333333333333 0.9366666666666666 0.2683333333333333 0.056666666666666664
1 0.5883333333333334 0.9808333333333333 0.2833333333333333 0.03833333333333333