0 0.4508333333333333 0.5675 0.045 0.051666666666666666
3 0.43166666666666664 0.6175 0.043333333333333335 0.028333333333333332
0 0.7466666666666667 0.62 0.10333333333333333 0.08666666666666667
0 0.535 0.6516666666666666 0.056666666666666664 0.09
0 0.5933333333333334 0.6691666666666667 0.043333333333333335 0.07833333333333334
1 0.6883333333333334 0.7241666666666666 0.4666666666666667 0.051666666666666666
0 0.43833333333333335 0.7925 0.04 0.12166666666666667
5 0.19833333333333333 0.8025 0.39666666666666667 0.395
5 0.8366666666666667 0.8358333333333333 0.3233333333333333 0.32166666666666666
0 0.2658333333333333 0.8408333333333333 0.065 0.08833333333333333
0 0.6358333333333334 0.88 0.075 0.23